{
  "poses": [
    {
      "frame_index": 0,
      "frustum": {
        "cx": 640.02520752,
        "cy": 357.657867432,
        "depth_m": 0.18,
        "fx": 907.333190918,
        "fy": 907.333190918,
        "image_height": 720,
        "image_width": 1280
      },
      "matrix": [
        0.655785501,
        0.754579127,
        0.023574995,
        -0.583412776,
        -0.060583197,
        0.021473333,
        0.997932076,
        -0.035053584,
        0.752512574,
        -0.655857682,
        0.059796721,
        -0.183779671,
        0.0,
        0.0,
        0.0,
        0.999999881
      ],
      "thumbnail": "assets/thumbs/thumb_000000.jpg",
      "timestamp_s": 0.0,
      "tracking_state": "normal"
    },
    {
      "frame_index": 6,
      "frustum": {
        "cx": 640.040649414,
        "cy": 357.68447876,
        "depth_m": 0.18,
        "fx": 907.403320312,
        "fy": 907.403320312,
        "image_height": 720,
        "image_width": 1280
      },
      "matrix": [
        0.652379394,
        0.757590532,
        0.021397375,
        -0.580380807,
        -0.054984733,
        0.019152597,
        0.998303533,
        -0.038491937,
        0.755895555,
        -0.652449131,
        0.054150667,
        -0.181385173,
        0.0,
        0.0,
        0.0,
        1.0
      ],
      "thumbnail": "assets/thumbs/thumb_000006.jpg",
      "timestamp_s": 0.200001666,
      "tracking_state": "normal"
    },
    {
      "frame_index": 12,
      "frustum": {
        "cx": 639.98828125,
        "cy": 357.635131836,
        "depth_m": 0.18,
        "fx": 907.261291504,
        "fy": 907.261291504,
        "image_height": 720,
        "image_width": 1280
      },
      "matrix": [
        0.651670992,
        0.758233786,
        0.020164771,
        -0.580092202,
        -0.053582598,
        0.019500913,
        0.998372972,
        -0.037572476,
        0.756606936,
        -0.651691258,
        0.053336307,
        -0.181018486,
        0.0,
        0.0,
        0.0,
        1.0
      ],
      "thumbnail": "assets/thumbs/thumb_000012.jpg",
      "timestamp_s": 0.400003416,
      "tracking_state": "normal"
    },
    {
      "frame_index": 20,
      "frustum": {
        "cx": 640.059448242,
        "cy": 357.655548096,
        "depth_m": 0.18,
        "fx": 907.399536133,
        "fy": 907.399536133,
        "image_height": 720,
        "image_width": 1280
      },
      "matrix": [
        0.644002914,
        0.764658213,
        0.023629455,
        -0.579836617,
        -0.051093075,
        0.012171769,
        0.998619735,
        -0.033945533,
        0.763315082,
        -0.644321322,
        0.046907384,
        -0.180328264,
        0.0,
        0.0,
        0.0,
        0.99999994
      ],
      "thumbnail": "assets/thumbs/thumb_000020.jpg",
      "timestamp_s": 0.666672375,
      "tracking_state": "normal"
    },
    {
      "frame_index": 26,
      "frustum": {
        "cx": 640.050842285,
        "cy": 357.589294434,
        "depth_m": 0.18,
        "fx": 907.554931641,
        "fy": 907.554931641,
        "image_height": 720,
        "image_width": 1280
      },
      "matrix": [
        0.648027658,
        0.761237323,
        0.024042828,
        -0.582223545,
        -0.052907001,
        0.01350201,
        0.998508096,
        -0.029248568,
        0.759777069,
        -0.648332894,
        0.049024452,
        -0.180270268,
        0.0,
        0.0,
        0.0,
        0.99999994
      ],
      "thumbnail": "assets/thumbs/thumb_000026.jpg",
      "timestamp_s": 0.866674125,
      "tracking_state": "normal"
    },
    {
      "frame_index": 34,
      "frustum": {
        "cx": 640.026794434,
        "cy": 357.609405518,
        "depth_m": 0.18,
        "fx": 907.528442383,
        "fy": 907.528442383,
        "image_height": 720,
        "image_width": 1280
      },
      "matrix": [
        0.645965695,
        0.76287365,
        0.027430018,
        -0.580750833,
        -0.052115068,
        0.008222498,
        0.998607218,
        -0.028610799,
        0.761585593,
        -0.646495521,
        0.045068651,
        -0.179145171,
        0.0,
        0.0,
        0.0,
        1.0
      ],
      "thumbnail": "assets/thumbs/thumb_000034.jpg",
      "timestamp_s": 1.133343125,
      "tracking_state": "normal"
    },
    {
      "frame_index": 40,
      "frustum": {
        "cx": 640.014831543,
        "cy": 357.602539062,
        "depth_m": 0.18,
        "fx": 907.422363281,
        "fy": 907.422363281,
        "image_height": 720,
        "image_width": 1280
      },
      "matrix": [
        0.647075593,
        0.761942863,
        0.027135722,
        -0.580063234,
        -0.045666464,
        0.003205459,
        0.998951614,
        -0.031456086,
        0.761057138,
        -0.647636414,
        0.036869407,
        -0.176944627,
        0.0,
        0.0,
        0.0,
        1.0
      ],
      "thumbnail": "assets/thumbs/thumb_000040.jpg",
      "timestamp_s": 1.333344708,
      "tracking_state": "normal"
    },
    {
      "frame_index": 48,
      "frustum": {
        "cx": 640.00012207,
        "cy": 357.605834961,
        "depth_m": 0.18,
        "fx": 907.541687012,
        "fy": 907.541687012,
        "image_height": 720,
        "image_width": 1280
      },
      "matrix": [
        0.63932395,
        0.768243551,
        0.032664374,
        -0.5782863,
        -0.050681882,
        -0.000286705,
        0.998714864,
        -0.027923557,
        0.767265558,
        -0.640157819,
        0.038752727,
        -0.183247222,
        0.0,
        0.0,
        0.0,
        1.0
      ],
      "thumbnail": "assets/thumbs/thumb_000048.jpg",
      "timestamp_s": 1.60001375,
      "tracking_state": "normal"
    },
    {
      "frame_index": 54,
      "frustum": {
        "cx": 640.01361084,
        "cy": 357.55178833,
        "depth_m": 0.18,
        "fx": 907.23840332,
        "fy": 907.23840332,
        "image_height": 720,
        "image_width": 1280
      },
      "matrix": [
        0.633589983,
        0.772784472,
        0.036989715,
        -0.580976615,
        -0.054628439,
        -0.003005092,
        0.998502314,
        -0.024164173,
        0.771738112,
        -0.634661734,
        0.040312,
        -0.188718452,
        0.0,
        0.0,
        0.0,
        1.0
      ],
      "thumbnail": "assets/thumbs/thumb_000054.jpg",
      "timestamp_s": 1.800015416,
      "tracking_state": "normal"
    },
    {
      "frame_index": 62,
      "frustum": {
        "cx": 640.037841797,
        "cy": 357.475372314,
        "depth_m": 0.18,
        "fx": 907.376831055,
        "fy": 907.376831055,
        "image_height": 720,
        "image_width": 1280
      },
      "matrix": [
        0.627895176,
        0.776753485,
        0.049008437,
        -0.582871447,
        -0.065160692,
        -0.010283318,
        0.997821808,
        -0.003812763,
        0.775565565,
        -0.629720926,
        0.044156939,
        -0.19322349,
        0.0,
        0.0,
        0.0,
        0.99999994
      ],
      "thumbnail": "assets/thumbs/thumb_000062.jpg",
      "timestamp_s": 2.066684416,
      "tracking_state": "normal"
    },
    {
      "frame_index": 68,
      "frustum": {
        "cx": 639.911437988,
        "cy": 357.505462646,
        "depth_m": 0.18,
        "fx": 907.384399414,
        "fy": 907.384399414,
        "image_height": 720,
        "image_width": 1280
      },
      "matrix": [
        0.626453638,
        0.777798474,
        0.05084781,
        -0.572247992,
        -0.063704707,
        -0.013925907,
        0.997871578,
        0.020142821,
        0.776851058,
        -0.628359556,
        0.040825482,
        -0.186733975,
        0.0,
        0.0,
        0.0,
        0.99999994
      ],
      "thumbnail": "assets/thumbs/thumb_000068.jpg",
      "timestamp_s": 2.266686125,
      "tracking_state": "normal"
    },
    {
      "frame_index": 74,
      "frustum": {
        "cx": 639.916992188,
        "cy": 357.510742188,
        "depth_m": 0.18,
        "fx": 907.378723145,
        "fy": 907.378723145,
        "image_height": 720,
        "image_width": 1280
      },
      "matrix": [
        0.631551504,
        0.773810565,
        0.048582651,
        -0.554611454,
        -0.056886367,
        -0.016245447,
        0.998248518,
        0.047347692,
        0.773244441,
        -0.63320905,
        0.033759423,
        -0.174131646,
        0.0,
        0.0,
        0.0,
        1.0
      ],
      "thumbnail": "assets/thumbs/thumb_000074.jpg",
      "timestamp_s": 2.466687833,
      "tracking_state": "normal"
    },
    {
      "frame_index": 82,
      "frustum": {
        "cx": 640.036132812,
        "cy": 357.451446533,
        "depth_m": 0.18,
        "fx": 907.441223145,
        "fy": 907.441223145,
        "image_height": 720,
        "image_width": 1280
      },
      "matrix": [
        0.636189699,
        0.769303381,
        0.058611501,
        -0.539538393,
        -0.068084352,
        -0.019692559,
        0.99748528,
        0.09951177,
        0.768522978,
        -0.638580441,
        0.039849307,
        -0.165820732,
        0.0,
        0.0,
        0.0,
        1.0
      ],
      "thumbnail": "assets/thumbs/thumb_000082.jpg",
      "timestamp_s": 2.733356791,
      "tracking_state": "normal"
    },
    {
      "frame_index": 88,
      "frustum": {
        "cx": 640.073486328,
        "cy": 357.427703857,
        "depth_m": 0.18,
        "fx": 907.547363281,
        "fy": 907.547363281,
        "image_height": 720,
        "image_width": 1280
      },
      "matrix": [
        0.647378147,
        0.759223461,
        0.066943683,
        -0.536978374,
        -0.084741935,
        -0.015587842,
        0.996281028,
        0.142363814,
        0.757443488,
        -0.650643468,
        0.054246832,
        -0.159350647,
        0.0,
        0.0,
        0.0,
        1.0
      ],
      "thumbnail": "assets/thumbs/thumb_000088.jpg",
      "timestamp_s": 2.933358541,
      "tracking_state": "normal"
    },
    {
      "frame_index": 96,
      "frustum": {
        "cx": 640.08404541,
        "cy": 357.395202637,
        "depth_m": 0.18,
        "fx": 907.691345215,
        "fy": 907.691345215,
        "image_height": 720,
        "image_width": 1280
      },
      "matrix": [
        0.65269649,
        0.753662705,
        0.077331237,
        -0.527122984,
        -0.094105095,
        -0.020631885,
        0.995348513,
        0.199849394,
        0.751752496,
        -0.656937718,
        0.057457127,
        -0.138746871,
        0.0,
        0.0,
        0.0,
        1.0
      ],
      "thumbnail": "assets/thumbs/thumb_000096.jpg",
      "timestamp_s": 3.2000275,
      "tracking_state": "normal"
    },
    {
      "frame_index": 102,
      "frustum": {
        "cx": 640.029907227,
        "cy": 357.410430908,
        "depth_m": 0.18,
        "fx": 907.738769531,
        "fy": 907.738769531,
        "image_height": 720,
        "image_width": 1280
      },
      "matrix": [
        0.6587255,
        0.7489838,
        0.071444064,
        -0.507121096,
        -0.087757953,
        -0.017822327,
        0.995982468,
        0.229320076,
        0.747247994,
        -0.662348807,
        0.053989254,
        -0.111173882,
        0.0,
        0.0,
        0.0,
        1.0
      ],
      "thumbnail": "assets/thumbs/thumb_000102.jpg",
      "timestamp_s": 3.40002925,
      "tracking_state": "normal"
    },
    {
      "frame_index": 110,
      "frustum": {
        "cx": 640.070007324,
        "cy": 357.454162598,
        "depth_m": 0.18,
        "fx": 902.269714355,
        "fy": 902.269714355,
        "image_height": 720,
        "image_width": 1280
      },
      "matrix": [
        0.65439719,
        0.753834248,
        0.059147555,
        -0.46888722,
        -0.079683907,
        -0.00903666,
        0.996779263,
        0.24962261,
        0.751940787,
        -0.657002628,
        0.054154884,
        -0.075693383,
        0.0,
        0.0,
        0.0,
        1.0
      ],
      "thumbnail": "assets/thumbs/thumb_000110.jpg",
      "timestamp_s": 3.666698166,
      "tracking_state": "normal"
    },
    {
      "frame_index": 116,
      "frustum": {
        "cx": 640.141967773,
        "cy": 357.501068115,
        "depth_m": 0.18,
        "fx": 893.268310547,
        "fy": 893.268310547,
        "image_height": 720,
        "image_width": 1280
      },
      "matrix": [
        0.652653873,
        0.75579828,
        0.053030051,
        -0.444744835,
        -0.077595539,
        -0.002946423,
        0.996980548,
        0.265238968,
        0.753672421,
        -0.65479815,
        0.056723572,
        -0.05623485,
        0.0,
        0.0,
        0.0,
        0.99999994
      ],
      "thumbnail": "assets/thumbs/thumb_000116.jpg",
      "timestamp_s": 3.866699875,
      "tracking_state": "normal"
    },
    {
      "frame_index": 124,
      "frustum": {
        "cx": 640.221984863,
        "cy": 357.453704834,
        "depth_m": 0.18,
        "fx": 883.598022461,
        "fy": 883.598022461,
        "image_height": 720,
        "image_width": 1280
      },
      "matrix": [
        0.656857848,
        0.752034009,
        0.05461539,
        -0.424559126,
        -0.082276128,
        -0.000513958,
        0.996609449,
        0.281604794,
        0.749512255,
        -0.659124315,
        0.061536834,
        -0.02636887,
        0.0,
        0.0,
        0.0,
        0.99999994
      ],
      "thumbnail": "assets/thumbs/thumb_000124.jpg",
      "timestamp_s": 4.133368791,
      "tracking_state": "normal"
    },
    {
      "frame_index": 130,
      "frustum": {
        "cx": 640.199951172,
        "cy": 357.426971436,
        "depth_m": 0.18,
        "fx": 878.839538574,
        "fy": 878.839538574,
        "image_height": 720,
        "image_width": 1280
      },
      "matrix": [
        0.663189411,
        0.746781826,
        0.049970049,
        -0.414467464,
        -0.07183709,
        -0.002944824,
        0.997412086,
        0.281458882,
        0.744996309,
        -0.665062785,
        0.051693656,
        -0.002033069,
        0.0,
        0.0,
        0.0,
        1.0
      ],
      "thumbnail": "assets/thumbs/thumb_000130.jpg",
      "timestamp_s": 4.333370458,
      "tracking_state": "normal"
    },
    {
      "frame_index": 138,
      "frustum": {
        "cx": 640.218688965,
        "cy": 357.492492676,
        "depth_m": 0.18,
        "fx": 874.518859863,
        "fy": 874.518859863,
        "image_height": 720,
        "image_width": 1280
      },
      "matrix": [
        0.661357701,
        0.748727798,
        0.044865306,
        -0.406163345,
        -0.063255847,
        -0.003927168,
        0.997989595,
        0.275331465,
        0.747398734,
        -0.662866175,
        0.044764139,
        0.012926088,
        0.0,
        0.0,
        0.0,
        1.0
      ],
      "thumbnail": "assets/thumbs/thumb_000138.jpg",
      "timestamp_s": 4.600039375,
      "tracking_state": "normal"
    },
    {
      "frame_index": 144,
      "frustum": {
        "cx": 640.247070312,
        "cy": 357.507049561,
        "depth_m": 0.18,
        "fx": 873.03503418,
        "fy": 873.03503418,
        "image_height": 720,
        "image_width": 1280
      },
      "matrix": [
        0.662096977,
        0.748443484,
        0.03821126,
        -0.405170927,
        -0.05824998,
        0.000562184,
        0.998301864,
        0.268456188,
        0.747151017,
        -0.663198531,
        0.043969031,
        0.015003071,
        0.0,
        0.0,
        0.0,
        1.0
      ],
      "thumbnail": "assets/thumbs/thumb_000144.jpg",
      "timestamp_s": 4.800041,
      "tracking_state": "normal"
    },
    {
      "frame_index": 150,
      "frustum": {
        "cx": 640.193054199,
        "cy": 357.508911133,
        "depth_m": 0.18,
        "fx": 872.510131836,
        "fy": 872.510131836,
        "image_height": 720,
        "image_width": 1280
      },
      "matrix": [
        0.661480963,
        0.749139905,
        0.035107274,
        -0.407878647,
        -0.058036692,
        0.004461664,
        0.998304427,
        0.263845053,
        0.747713029,
        -0.662396848,
        0.046428904,
        0.012475119,
        0.0,
        0.0,
        0.0,
        0.999999881
      ],
      "thumbnail": "assets/thumbs/thumb_000150.jpg",
      "timestamp_s": 5.000042666,
      "tracking_state": "normal"
    },
    {
      "frame_index": 158,
      "frustum": {
        "cx": 640.086486816,
        "cy": 357.487518311,
        "depth_m": 0.18,
        "fx": 872.32824707,
        "fy": 872.32824707,
        "image_height": 720,
        "image_width": 1280
      },
      "matrix": [
        0.664593816,
        0.746548295,
        0.031319272,
        -0.414719949,
        -0.053503864,
        0.005738994,
        0.998551071,
        0.258117464,
        0.745286882,
        -0.665306628,
        0.043757312,
        0.012506024,
        0.0,
        0.0,
        0.0,
        0.999999881
      ],
      "thumbnail": "assets/thumbs/thumb_000158.jpg",
      "timestamp_s": 5.2667115,
      "tracking_state": "normal"
    },
    {
      "frame_index": 164,
      "frustum": {
        "cx": 640.021484375,
        "cy": 357.532623291,
        "depth_m": 0.18,
        "fx": 872.297912598,
        "fy": 872.297912598,
        "image_height": 720,
        "image_width": 1280
      },
      "matrix": [
        0.665044606,
        0.746233404,
        0.029181618,
        -0.415568242,
        -0.049086131,
        0.00468799,
        0.998783469,
        0.254431454,
        0.745188832,
        -0.665668011,
        0.039747421,
        0.013481395,
        0.0,
        0.0,
        0.0,
        0.999999881
      ],
      "thumbnail": "assets/thumbs/thumb_000164.jpg",
      "timestamp_s": 5.46671325,
      "tracking_state": "normal"
    },
    {
      "frame_index": 173,
      "frustum": {
        "cx": 640.03503418,
        "cy": 357.583343506,
        "depth_m": 0.18,
        "fx": 873.050231934,
        "fy": 873.050231934,
        "image_height": 720,
        "image_width": 1280
      },
      "matrix": [
        0.659047961,
        0.752035618,
        0.00992829,
        -0.410674344,
        -0.03009182,
        0.013176261,
        0.99946034,
        0.233920422,
        0.751498878,
        -0.658990979,
        0.031313904,
        0.005584822,
        0.0,
        0.0,
        0.0,
        1.0
      ],
      "thumbnail": "assets/thumbs/thumb_000173.jpg",
      "timestamp_s": 5.766715625,
      "tracking_state": "normal"
    },
    {
      "frame_index": 179,
      "frustum": {
        "cx": 640.071899414,
        "cy": 357.636749268,
        "depth_m": 0.18,
        "fx": 873.789306641,
        "fy": 873.789306641,
        "image_height": 720,
        "image_width": 1280
      },
      "matrix": [
        0.656432092,
        0.754383922,
        -0.001411428,
        -0.415737043,
        -0.026433513,
        0.024871025,
        0.999341071,
        0.210331646,
        0.753922045,
        -0.655962288,
        0.036267146,
        -0.01664628,
        0.0,
        0.0,
        0.0,
        0.99999994
      ],
      "thumbnail": "assets/thumbs/thumb_000179.jpg",
      "timestamp_s": 5.966717375,
      "tracking_state": "normal"
    },
    {
      "frame_index": 187,
      "frustum": {
        "cx": 640.113952637,
        "cy": 357.613311768,
        "depth_m": 0.18,
        "fx": 877.196533203,
        "fy": 877.196533203,
        "image_height": 720,
        "image_width": 1280
      },
      "matrix": [
        0.64537704,
        0.763853371,
        0.004087675,
        -0.436730514,
        -0.041163616,
        0.029434459,
        0.998718739,
        0.182216254,
        0.762754321,
        -0.644718409,
        0.05043928,
        -0.06040795,
        0.0,
        0.0,
        0.0,
        1.0
      ],
      "thumbnail": "assets/thumbs/thumb_000187.jpg",
      "timestamp_s": 6.233386208,
      "tracking_state": "normal"
    },
    {
      "frame_index": 193,
      "frustum": {
        "cx": 640.118041992,
        "cy": 357.593811035,
        "depth_m": 0.18,
        "fx": 879.445983887,
        "fy": 879.445983887,
        "image_height": 720,
        "image_width": 1280
      },
      "matrix": [
        0.647166789,
        0.762208045,
        0.014636186,
        -0.465226779,
        -0.059780404,
        0.031599246,
        0.997711301,
        0.167656151,
        0.760001063,
        -0.646560669,
        0.066015072,
        -0.093246176,
        0.0,
        0.0,
        0.0,
        1.0
      ],
      "thumbnail": "assets/thumbs/thumb_000193.jpg",
      "timestamp_s": 6.433387875,
      "tracking_state": "normal"
    },
    {
      "frame_index": 201,
      "frustum": {
        "cx": 640.008422852,
        "cy": 357.445343018,
        "depth_m": 0.18,
        "fx": 882.078125,
        "fy": 882.078125,
        "image_height": 720,
        "image_width": 1280
      },
      "matrix": [
        0.676528573,
        0.734947562,
        0.046490349,
        -0.515188942,
        -0.096690789,
        0.026066372,
        0.994973004,
        0.170441535,
        0.730041206,
        -0.677622914,
        0.088697292,
        -0.1074443,
        0.0,
        0.0,
        0.0,
        0.99999994
      ],
      "thumbnail": "assets/thumbs/thumb_000201.jpg",
      "timestamp_s": 6.700056791,
      "tracking_state": "normal"
    },
    {
      "frame_index": 207,
      "frustum": {
        "cx": 639.926879883,
        "cy": 357.450439453,
        "depth_m": 0.18,
        "fx": 882.417358398,
        "fy": 882.417358398,
        "image_height": 720,
        "image_width": 1280
      },
      "matrix": [
        0.70572108,
        0.705704689,
        0.062760837,
        -0.536832939,
        -0.09647651,
        0.007962858,
        0.995303452,
        0.174073425,
        0.701890528,
        -0.708461523,
        0.073703475,
        -0.078997983,
        0.0,
        0.0,
        0.0,
        1.0
      ],
      "thumbnail": "assets/thumbs/thumb_000207.jpg",
      "timestamp_s": 6.900058458,
      "tracking_state": "normal"
    },
    {
      "frame_index": 213,
      "frustum": {
        "cx": 639.816040039,
        "cy": 357.563842773,
        "depth_m": 0.18,
        "fx": 882.415466309,
        "fy": 882.415466309,
        "image_height": 720,
        "image_width": 1280
      },
      "matrix": [
        0.720945716,
        0.690239489,
        0.061700869,
        -0.530070076,
        -0.066293269,
        -0.019933676,
        0.997601151,
        0.167029885,
        0.689813554,
        -0.723306596,
        0.031387132,
        -0.031815662,
        0.0,
        0.0,
        0.0,
        1.0
      ],
      "thumbnail": "assets/thumbs/thumb_000213.jpg",
      "timestamp_s": 7.100060125,
      "tracking_state": "normal"
    },
    {
      "frame_index": 221,
      "frustum": {
        "cx": 639.832946777,
        "cy": 357.67300415,
        "depth_m": 0.18,
        "fx": 883.186828613,
        "fy": 883.186828613,
        "image_height": 720,
        "image_width": 1280
      },
      "matrix": [
        0.705515683,
        0.707857907,
        0.034425437,
        -0.481454382,
        0.003035186,
        -0.051593419,
        0.998663604,
        0.148106304,
        0.708687961,
        -0.704468369,
        -0.03854844,
        0.02741395,
        0.0,
        0.0,
        0.0,
        1.0
      ],
      "thumbnail": "assets/thumbs/thumb_000221.jpg",
      "timestamp_s": 7.366729,
      "tracking_state": "normal"
    },
    {
      "frame_index": 227,
      "frustum": {
        "cx": 639.886657715,
        "cy": 357.672363281,
        "depth_m": 0.18,
        "fx": 885.081787109,
        "fy": 885.081787109,
        "image_height": 720,
        "image_width": 1280
      },
      "matrix": [
        0.678851485,
        0.734262943,
        -0.004352272,
        -0.434535394,
        0.049718462,
        -0.040051129,
        0.997959912,
        0.127705482,
        0.732590616,
        -0.677682936,
        -0.063695177,
        0.040669368,
        0.0,
        0.0,
        0.0,
        1.0
      ],
      "thumbnail": "assets/thumbs/thumb_000227.jpg",
      "timestamp_s": 7.566730791,
      "tracking_state": "normal"
    },
    {
      "frame_index": 235,
      "frustum": {
        "cx": 640.072753906,
        "cy": 357.575042725,
        "depth_m": 0.18,
        "fx": 888.401855469,
        "fy": 888.401855469,
        "image_height": 720,
        "image_width": 1280
      },
      "matrix": [
        0.640012562,
        0.76800102,
        -0.023634564,
        -0.402304421,
        0.034554631,
        0.001959639,
        0.999400973,
        0.123454538,
        0.767587125,
        -0.640445888,
        -0.025283795,
        -0.007203295,
        0.0,
        0.0,
        0.0,
        1.0
      ],
      "thumbnail": "assets/thumbs/thumb_000235.jpg",
      "timestamp_s": 7.833399625,
      "tracking_state": "normal"
    },
    {
      "frame_index": 241,
      "frustum": {
        "cx": 640.057678223,
        "cy": 357.416717529,
        "depth_m": 0.18,
        "fx": 890.266601562,
        "fy": 890.266601562,
        "image_height": 720,
        "image_width": 1280
      },
      "matrix": [
        0.622487843,
        0.782502115,
        -0.014130171,
        -0.408920894,
        -0.00865644,
        0.024937671,
        0.999651551,
        0.131448415,
        0.782581806,
        -0.622148573,
        0.022297077,
        -0.058556511,
        0.0,
        0.0,
        0.0,
        0.99999994
      ],
      "thumbnail": "assets/thumbs/thumb_000241.jpg",
      "timestamp_s": 8.033401333,
      "tracking_state": "normal"
    },
    {
      "frame_index": 249,
      "frustum": {
        "cx": 639.891235352,
        "cy": 357.354858398,
        "depth_m": 0.18,
        "fx": 890.442810059,
        "fy": 890.442810059,
        "image_height": 720,
        "image_width": 1280
      },
      "matrix": [
        0.620325863,
        0.784203231,
        0.014879765,
        -0.439147482,
        -0.059264276,
        0.027946036,
        0.997851074,
        0.143281308,
        0.782102227,
        -0.619874775,
        0.063810878,
        -0.106733992,
        0.0,
        0.0,
        0.0,
        1.0
      ],
      "thumbnail": "assets/thumbs/thumb_000249.jpg",
      "timestamp_s": 8.30007025,
      "tracking_state": "normal"
    },
    {
      "frame_index": 255,
      "frustum": {
        "cx": 639.759277344,
        "cy": 357.435516357,
        "depth_m": 0.18,
        "fx": 889.341796875,
        "fy": 889.341796875,
        "image_height": 720,
        "image_width": 1280
      },
      "matrix": [
        0.627818942,
        0.777898729,
        0.026783781,
        -0.447873722,
        -0.074917711,
        0.026141481,
        0.996847093,
        0.150217501,
        0.774745762,
        -0.627846003,
        0.074690491,
        -0.112763776,
        0.0,
        0.0,
        0.0,
        1.0
      ],
      "thumbnail": "assets/thumbs/thumb_000255.jpg",
      "timestamp_s": 8.500071875,
      "tracking_state": "normal"
    },
    {
      "frame_index": 263,
      "frustum": {
        "cx": 639.719421387,
        "cy": 357.683898926,
        "depth_m": 0.18,
        "fx": 888.411315918,
        "fy": 888.411315918,
        "image_height": 720,
        "image_width": 1280
      },
      "matrix": [
        0.619787812,
        0.784615099,
        0.015576185,
        -0.424694548,
        -0.045952681,
        0.016470864,
        0.998807907,
        0.140982834,
        0.783423066,
        -0.619764686,
        0.046263594,
        -0.091365292,
        0.0,
        0.0,
        0.0,
        1.0
      ],
      "thumbnail": "assets/thumbs/thumb_000263.jpg",
      "timestamp_s": 8.766740833,
      "tracking_state": "normal"
    },
    {
      "frame_index": 269,
      "frustum": {
        "cx": 639.727233887,
        "cy": 357.702362061,
        "depth_m": 0.18,
        "fx": 888.409423828,
        "fy": 888.409423828,
        "image_height": 720,
        "image_width": 1280
      },
      "matrix": [
        0.60826695,
        0.793728948,
        0.002402034,
        -0.390205274,
        -0.015229098,
        0.008644878,
        0.999846578,
        0.136300293,
        0.793586433,
        -0.608210325,
        0.017346166,
        -0.061392142,
        0.0,
        0.0,
        0.0,
        0.99999994
      ],
      "thumbnail": "assets/thumbs/thumb_000269.jpg",
      "timestamp_s": 8.9667425,
      "tracking_state": "normal"
    },
    {
      "frame_index": 277,
      "frustum": {
        "cx": 639.826965332,
        "cy": 357.684997559,
        "depth_m": 0.18,
        "fx": 889.188293457,
        "fy": 889.188293457,
        "image_height": 720,
        "image_width": 1280
      },
      "matrix": [
        0.585288107,
        0.810365856,
        -0.027299978,
        -0.332302819,
        0.030360628,
        0.011742597,
        0.999470055,
        0.12580165,
        0.810256898,
        -0.585806847,
        -0.017730411,
        -0.032759382,
        0.0,
        0.0,
        0.0,
        1.0
      ],
      "thumbnail": "assets/thumbs/thumb_000277.jpg",
      "timestamp_s": 9.233411291,
      "tracking_state": "normal"
    },
    {
      "frame_index": 283,
      "frustum": {
        "cx": 639.838012695,
        "cy": 357.73223877,
        "depth_m": 0.18,
        "fx": 890.298828125,
        "fy": 890.298828125,
        "image_height": 720,
        "image_width": 1280
      },
      "matrix": [
        0.566674292,
        0.822037339,
        -0.055990659,
        -0.28907157,
        0.048370417,
        0.034647088,
        0.998228312,
        0.117627946,
        0.822520912,
        -0.568378687,
        -0.020128667,
        -0.032243564,
        0.0,
        0.0,
        0.0,
        0.99999994
      ],
      "thumbnail": "assets/thumbs/thumb_000283.jpg",
      "timestamp_s": 9.433412916,
      "tracking_state": "normal"
    },
    {
      "frame_index": 289,
      "frustum": {
        "cx": 639.835571289,
        "cy": 357.691680908,
        "depth_m": 0.18,
        "fx": 891.807250977,
        "fy": 891.807250977,
        "image_height": 720,
        "image_width": 1280
      },
      "matrix": [
        0.545222878,
        0.835074127,
        -0.073370919,
        -0.255594383,
        0.045047939,
        0.058211278,
        0.997287333,
        0.114935425,
        0.837079823,
        -0.547049105,
        -0.00588024,
        -0.049923911,
        0.0,
        0.0,
        0.0,
        0.99999994
      ],
      "thumbnail": "assets/thumbs/thumb_000289.jpg",
      "timestamp_s": 9.633414666,
      "tracking_state": "normal"
    },
    {
      "frame_index": 297,
      "frustum": {
        "cx": 639.804992676,
        "cy": 357.714294434,
        "depth_m": 0.18,
        "fx": 892.930969238,
        "fy": 892.930969238,
        "image_height": 720,
        "image_width": 1280
      },
      "matrix": [
        0.51705718,
        0.852859795,
        -0.072679885,
        -0.235695968,
        0.023339037,
        0.070832133,
        0.997215331,
        0.118512717,
        0.855632782,
        -0.517313659,
        0.016719341,
        -0.084218337,
        0.0,
        0.0,
        0.0,
        1.0
      ],
      "thumbnail": "assets/thumbs/thumb_000297.jpg",
      "timestamp_s": 9.900083541,
      "tracking_state": "normal"
    },
    {
      "frame_index": 303,
      "frustum": {
        "cx": 639.772521973,
        "cy": 357.700500488,
        "depth_m": 0.18,
        "fx": 893.29675293,
        "fy": 893.29675293,
        "image_height": 720,
        "image_width": 1280
      },
      "matrix": [
        0.501076937,
        0.863091648,
        -0.063206799,
        -0.237053285,
        0.005161867,
        0.070055343,
        0.997529805,
        0.117256728,
        0.865387559,
        -0.500165403,
        0.030647947,
        -0.116574957,
        0.0,
        0.0,
        0.0,
        1.0
      ],
      "thumbnail": "assets/thumbs/thumb_000303.jpg",
      "timestamp_s": 10.10008525,
      "tracking_state": "normal"
    },
    {
      "frame_index": 311,
      "frustum": {
        "cx": 639.849121094,
        "cy": 357.782653809,
        "depth_m": 0.18,
        "fx": 893.29864502,
        "fy": 893.29864502,
        "image_height": 720,
        "image_width": 1280
      },
      "matrix": [
        0.494404674,
        0.867213964,
        -0.059197403,
        -0.249184022,
        -0.026174504,
        0.08292529,
        0.996212006,
        0.116023687,
        0.868837893,
        -0.490982383,
        0.063697524,
        -0.176728858,
        0.0,
        0.0,
        0.0,
        1.0
      ],
      "thumbnail": "assets/thumbs/thumb_000311.jpg",
      "timestamp_s": 10.366754083,
      "tracking_state": "normal"
    },
    {
      "frame_index": 317,
      "frustum": {
        "cx": 639.954040527,
        "cy": 357.835174561,
        "depth_m": 0.18,
        "fx": 893.300537109,
        "fy": 893.300537109,
        "image_height": 720,
        "image_width": 1280
      },
      "matrix": [
        0.500325501,
        0.863966167,
        -0.056894984,
        -0.264469634,
        -0.056863848,
        0.09835691,
        0.993525267,
        0.12162545,
        0.863968253,
        -0.493850797,
        0.098338902,
        -0.230739727,
        0.0,
        0.0,
        0.0,
        0.99999994
      ],
      "thumbnail": "assets/thumbs/thumb_000317.jpg",
      "timestamp_s": 10.56675575,
      "tracking_state": "normal"
    },
    {
      "frame_index": 325,
      "frustum": {
        "cx": 639.952270508,
        "cy": 357.916717529,
        "depth_m": 0.18,
        "fx": 893.309997559,
        "fy": 893.309997559,
        "image_height": 720,
        "image_width": 1280
      },
      "matrix": [
        0.506272614,
        0.861130178,
        -0.046294283,
        -0.28223897,
        -0.097238697,
        0.110343531,
        0.989125431,
        0.135850993,
        0.85687393,
        -0.496265501,
        0.13959904,
        -0.280493691,
        0.0,
        0.0,
        0.0,
        1.0
      ],
      "thumbnail": "assets/thumbs/thumb_000325.jpg",
      "timestamp_s": 10.833424541,
      "tracking_state": "normal"
    },
    {
      "frame_index": 331,
      "frustum": {
        "cx": 639.950378418,
        "cy": 357.941802979,
        "depth_m": 0.18,
        "fx": 891.786376953,
        "fy": 891.786376953,
        "image_height": 720,
        "image_width": 1280
      },
      "matrix": [
        0.472120494,
        0.879689336,
        0.057002228,
        -0.299093733,
        -0.123990037,
        0.002246239,
        0.99228096,
        0.144498852,
        0.872770905,
        -0.475543886,
        0.110133186,
        -0.289050116,
        0.0,
        0.0,
        0.0,
        0.99999994
      ],
      "thumbnail": "assets/thumbs/thumb_000331.jpg",
      "timestamp_s": 11.033426291,
      "tracking_state": "normal"
    },
    {
      "frame_index": 339,
      "frustum": {
        "cx": 639.964538574,
        "cy": 357.67880249,
        "depth_m": 0.18,
        "fx": 890.656982422,
        "fy": 890.656982422,
        "image_height": 720,
        "image_width": 1280
      },
      "matrix": [
        0.503293872,
        0.861723721,
        0.064246379,
        -0.305849085,
        -0.079327032,
        -0.027960144,
        0.996456385,
        0.124962416,
        0.86046648,
        -0.506606936,
        0.054285813,
        -0.262294962,
        0.0,
        0.0,
        0.0,
        0.999999881
      ],
      "thumbnail": "assets/thumbs/thumb_000339.jpg",
      "timestamp_s": 11.300095166,
      "tracking_state": "normal"
    },
    {
      "frame_index": 345,
      "frustum": {
        "cx": 640.07232666,
        "cy": 357.597351074,
        "depth_m": 0.18,
        "fx": 892.07635498,
        "fy": 892.07635498,
        "image_height": 720,
        "image_width": 1280
      },
      "matrix": [
        0.541350722,
        0.840306401,
        -0.028717725,
        -0.289070735,
        -0.051185541,
        0.067028821,
        0.996437192,
        0.11283758,
        0.839237511,
        -0.537952065,
        0.079297617,
        -0.253696217,
        0.0,
        0.0,
        0.0,
        0.99999994
      ],
      "thumbnail": "assets/thumbs/thumb_000345.jpg",
      "timestamp_s": 11.500096875,
      "tracking_state": "normal"
    },
    {
      "frame_index": 353,
      "frustum": {
        "cx": 640.284851074,
        "cy": 357.854492188,
        "depth_m": 0.18,
        "fx": 893.889953613,
        "fy": 893.889953613,
        "image_height": 720,
        "image_width": 1280
      },
      "matrix": [
        0.504276574,
        0.862919331,
        -0.032794259,
        -0.271067272,
        -0.100261122,
        0.096226148,
        0.990297019,
        0.136236456,
        0.857702136,
        -0.496095628,
        0.135041848,
        -0.281553282,
        0.0,
        0.0,
        0.0,
        0.999999881
      ],
      "thumbnail": "assets/thumbs/thumb_000353.jpg",
      "timestamp_s": 11.766765666,
      "tracking_state": "normal"
    },
    {
      "frame_index": 359,
      "frustum": {
        "cx": 640.319152832,
        "cy": 357.996948242,
        "depth_m": 0.18,
        "fx": 891.76550293,
        "fy": 891.76550293,
        "image_height": 720,
        "image_width": 1280
      },
      "matrix": [
        0.432136357,
        0.896890223,
        0.094054475,
        -0.273818741,
        -0.154690564,
        -0.029027877,
        0.987536371,
        0.16422036,
        0.88844198,
        -0.441299677,
        0.126196429,
        -0.298703625,
        0.0,
        0.0,
        0.0,
        0.99999994
      ],
      "thumbnail": "assets/thumbs/thumb_000359.jpg",
      "timestamp_s": 11.966767333,
      "tracking_state": "normal"
    },
    {
      "frame_index": 365,
      "frustum": {
        "cx": 640.320617676,
        "cy": 357.720977783,
        "depth_m": 0.18,
        "fx": 889.216674805,
        "fy": 889.216674805,
        "image_height": 720,
        "image_width": 1280
      },
      "matrix": [
        0.41018784,
        0.895213664,
        0.174179792,
        -0.283044229,
        -0.155200243,
        -0.119681619,
        0.980606616,
        0.170810607,
        0.898698568,
        -0.429265618,
        0.089845411,
        -0.295991852,
        0.0,
        0.0,
        0.0,
        1.0
      ],
      "thumbnail": "assets/thumbs/thumb_000365.jpg",
      "timestamp_s": 12.166769041,
      "tracking_state": "normal"
    },
    {
      "frame_index": 373,
      "frustum": {
        "cx": 640.273010254,
        "cy": 357.134490967,
        "depth_m": 0.18,
        "fx": 887.208007812,
        "fy": 887.208007812,
        "image_height": 720,
        "image_width": 1280
      },
      "matrix": [
        0.510048091,
        0.85619843,
        0.082313292,
        -0.289910922,
        -0.104708202,
        -0.033180438,
        0.993949354,
        0.149715868,
        0.853749096,
        -0.515580773,
        0.072727367,
        -0.268836035,
        0.0,
        0.0,
        0.0,
        1.0
      ],
      "thumbnail": "assets/thumbs/thumb_000373.jpg",
      "timestamp_s": 12.433437916,
      "tracking_state": "normal"
    },
    {
      "frame_index": 379,
      "frustum": {
        "cx": 640.306518555,
        "cy": 357.103149414,
        "depth_m": 0.18,
        "fx": 887.406982422,
        "fy": 887.406982422,
        "image_height": 720,
        "image_width": 1280
      },
      "matrix": [
        0.580781043,
        0.812418461,
        -0.051672149,
        -0.28053988,
